w
14.1806458565
14.8244116557
14.8740066444
12.500937438
10.5857841396
10.6152473612
10.8393031947
11.293517616
-0.166829271928
0.012084761171
0.133671494389
0.515249000808
8.019483419
2.59293308319
2.62820017788
0.445853192069
-0.431807728663
-0.317444514377
0.469895772614
-0.0829919842899
2.98256433116
6.11759748717
6.90273573623
-0.816137444251
0.4740647724
0.262196808874
-0.246615494751
-1.09256488732
-0.647123697069
3.03054481716
9.9301299811
3.16337434397
0.327202540477
0.219634157106
-0.231239338635
-0.570565142283
0.490243380119
-0.0204705781218
3.98781230819
8.29832011112
3.32309606903
0.930374697869
0.228027224504
0.317702012819
-0.381296145612
-0.240114944551
3.83676251161
2.57123271396
1.50000744512
2.21289429165
0.276385116803
0.163901721263
0.918725416933
-0.848712278215
4.58589426318
1.80615138449
0.171174664847
0.446669202606
2.73676410037
1.08928480679
2.12768114192
2.62386745067
1.19458329386
0.449278533643
-0.260824206342
0.0636661337824
0.444178001453
4.34840501807
3.31090235265
1.75737478125
2.18137025546
-0.551554720355
24.5037605799
23.2242813222
28.0043968744
19.7928471387
17.8867011461
3.80278822691
1.34085164436
0.0
0.0
0.0
0.0
0.0
6.38925766227
1.78291836235
0.00386411757075
0.0
0.0
0.0
0.0
8.81308727008
2.19245187194
0.000340840636822
0.0
0.0
0.0
0.0
3.72352176889
1.13572805426
0.0
0.0
0.0
0.0
0.0
3.4599428985
1.73207030785
0.0
0.0
0.0
0.0
0.0
2.96615591322
1.67547419868
0.0
0.0
0.0
0.0
0.0
2.8478111055
1.49523309433
0.0
0.0
0.0
0.0
0.0
3.81787415608
1.38730726639
0.0
0.0
0.0
0.0
0.0
0.543374359277
0.285941280455
0.33372730191
0.957936588871
0.934835834658
0.404736920697
0.957236715872
0.484854896219
0.507777841879
4.12425653807
3.71904794785
1.4798526342
0.98226477785
0.673942693026
0.362685935481
3.36040691764
3.83782223205
1.53976166316
0.573026964036
0.242601307961
0.268600912882
1.0811280804
0.997772217815
0.522866303727
0.0607391013618
0.054505306607
0.0993330903147
0.136646312286
0.102551034684
0.0642938830984
-0.096308579985
0.0035993415887
0.0475397599765
0.0482907467423
-0.0350703215541
-0.00255717602121
-0.122576980158
0.00564268278993
0.0210669824877
0.352556772223
-0.0105245199227
-0.0247617282736
0.0713883765713
0.0346846295898
0.0864413650208
0.411745749519
0.124962393394
0.0689727042211
0.0
0.0
14.224123743
12.1622691057
3.70775163624
0.0
0.0
1.06407087324
0.864606437868
-0.226324144363
12.7012181271
27.232235176
a
12.2861729103
13.5527303565
14.894285143
12.0543503932
9.19968358675
11.5179763221
11.1672583154
8.96129310731
0.00442260643346
-0.234172922107
0.444053829292
2.11165617936
10.1785066373
0.981717440772
-0.922914380462
-0.277096480306
-0.154027308779
-0.574499242099
0.424636257876
1.20935440551
4.38911021195
5.64073750498
3.24112447015
-0.623705943069
0.951024730425
0.0727514723175
-0.840205208895
-0.319092107053
-0.0475772672343
4.85651792503
6.95994863422
3.26091696423
1.94802867425
0.710764367634
0.627089928098
-0.232362318969
0.635637190553
-3.76380924088
2.21265971816
9.91634207432
5.787323077
0.778110787307
0.404381804801
0.187330355208
0.297911616891
-1.05379443708
0.678542476419
2.11987790623
3.44295111931
2.06577523358
-0.0348046003622
-0.0616410083917
0.681809435322
-0.816466698882
2.1531521027
4.08720073882
0.889910195144
0.637810217841
2.27241225115
0.573949406243
2.48874834086
1.63613086165
0.664289668592
2.00400737388
-0.120134947504
0.156636037958
1.12250373169
5.62559467926
1.89545634406
0.19142622304
0.529791832799
-0.439980793992
38.2833247748
28.2328040224
55.3173365693
13.6433948105
39.8957861809
4.92844627831
1.81149777152
0.0
0.0
0.0
0.0
0.0
7.7032301266
2.12552091263
0.000166754836172
0.0
0.0
0.0
0.0
11.3006514548
3.0611069898
0.00433315503094
0.0
0.0
0.0
0.0
4.16554929711
1.34502907047
0.0
0.0
0.0
0.0
0.0
5.05548771725
1.78915276238
0.0
0.0
0.0
0.0
0.0
4.52681216587
1.8517575625
0.0
0.0
0.0
0.0
0.0
3.57872734319
1.08726064436
0.0
0.0
0.0
0.0
0.0
3.87570804014
1.35693844118
0.0
0.0
0.0
0.0
0.0
-1.04783101192
-0.636567838386
-0.483857062246
-0.905784703387
-0.0312250727364
-0.635866963469
0.222456375835
-0.184551643401
0.120141080439
-0.195366236742
0.733854732257
-0.14641804937
1.85510114245
0.943547561646
0.820480381362
5.69519501277
7.45406202567
2.26661956239
2.32737371568
0.904217288522
0.866396564816
12.8477848732
13.2622476651
4.34293418062
1.40776766498
0.487102786873
0.506787753438
4.37073269618
4.48416355076
1.87087915727
0.290902483562
0.183810411197
0.189474939789
1.04212865866
0.494804134001
0.142895493399
-0.39919512069
-0.192366526897
-0.182227178897
0.783822379966
-0.438536507885
-0.144573551792
-0.993308923626
-0.434008407129
-0.49980508343
-0.226420225077
-0.693247210436
-0.530754883875
0.0
0.0
28.8595678292
25.4248443962
7.95725928438
0.0
0.0
6.97277338262
0.87797993188
0.0266111292931
46.8354428579
34.0891776538
s
14.1817578417
14.3878579821
14.7383021227
13.6847392089
11.2868671502
11.7377348597
11.2703930116
11.6412694233
-0.117247652955
0.0737100799356
0.412579365794
0.989950847058
8.98591086317
2.07580245931
1.37528343851
0.385768440921
-0.86919565542
-0.957830420285
-0.345027070968
-0.320428916813
2.38596841759
7.21206005635
7.38068222479
-0.0983706531719
0.159329634514
-0.330060011186
-1.07437178689
-1.20167640236
-0.397552118103
3.99339302219
10.4072367309
3.1820030535
1.42868706035
0.867645907075
0.494944888878
-0.673109494445
0.199393736122
-2.34846575846
3.87727353637
9.83836933303
4.45584550066
2.25919944778
0.817344717081
0.169941138722
-0.295150094171
-0.66663237535
2.03425388018
2.51206493533
0.550072613812
2.69256258327
1.32642844769
0.428886236951
1.06557331568
0.516176273778
3.92300926189
1.2350261266
0.552964667037
0.757648254675
2.90247521889
0.661019680095
1.60615011948
2.27775593906
1.91433609234
0.59804304006
0.291568016985
0.635153845857
1.74749870435
5.01288491177
1.46566921505
0.615226770723
1.60132308529
0.27194487331
23.8682288366
22.9466132263
28.6776516062
18.8163020132
17.7077740694
5.29874367254
2.79369550582
0.0
0.0
0.0
0.0
0.0
7.2914396894
3.24162487057
0.0063417905754
0.0
0.0
0.0
0.0
9.29596282887
4.18417461857
0.00179201555748
0.0
0.0
0.0
0.0
5.74283106861
2.84405987773
0.0
0.0
0.0
0.0
0.0
4.21747382393
2.00786830115
0.0
0.0
0.0
0.0
0.0
3.43364604055
1.75871163433
0.0
0.0
0.0
0.0
0.0
3.27547069049
1.64361948171
0.0
0.0
0.0
0.0
0.0
3.91712281324
1.80228862881
0.0
0.0
0.0
0.0
0.0
0.38641190307
0.26757395802
0.23283626881
0.511129632627
0.502151418359
0.322242235093
0.522162007157
0.187825192344
0.187440916321
0.514946924561
0.475933856003
0.227501589752
0.366544874284
0.285632710553
0.103487761771
0.483770491606
0.732844642528
0.304269875569
0.433504909799
0.147008215456
0.187755664202
0.527622354637
0.63359149759
0.353297515389
0.506395855409
0.217389149768
0.17880000846
0.797383649689
0.675179831856
0.30807694524
0.570190860389
0.170199651948
0.17974615878
0.942017359553
0.991773590771
0.565470728537
0.516091234869
0.175012911324
0.256756560244
1.06300567805
0.944441103975
0.490342849332
0.461123605365
0.221198282969
0.249539627713
0.908525668832
0.666247493121
0.315911692235
0.0
0.0
14.4855373589
13.8924151065
3.95415683074
0.0
0.0
1.97048357219
1.4348874721
1.27796762059
14.5661810668
26.0353321968
d
11.8230308668
15.0065749083
13.4128886625
11.7821294248
9.48050307324
11.5537206575
11.597605773
10.1245631746
0.0899817470833
0.253229805204
0.702491835465
1.91166196259
8.15687631662
0.610926521642
-1.16503100749
1.26289368568
-0.332267492909
-0.84567126528
0.233245910072
0.868464471415
2.56311461945
4.89266857818
7.93205852109
-0.305038433815
0.626805544206
0.205810053791
-0.553475098324
-0.302874348824
-0.265646292989
0.516798841666
8.77455872632
4.41091123669
1.6274772557
0.635692235852
0.0165574949874
-0.845747341589
0.06420412538
-2.30906327164
2.58271493306
10.010293993
5.49502875648
1.26985503089
0.294756349475
0.47651294385
-0.0544448895159
-2.08382437925
1.40863858965
2.67398067166
1.12419224163
2.19858996829
1.00737606627
1.06249374815
2.42766996803
-1.66086366366
3.14107831202
2.25318401678
0.0176077821587
0.0720541130906
2.91603156111
2.54319906305
4.59182889587
1.15896863139
-0.221103697583
0.519019423889
0.132040299889
0.384111699045
1.10227387664
5.71344235274
1.45155753105
-0.376665526877
1.75152876031
-0.0337258182652
45.9209448885
40.9460807977
26.008257717
42.207560154
11.1718895193
4.65963763517
1.38092437133
0.0
0.0
0.0
0.0
0.0
7.6533798968
2.83190571945
-0.00244031512407
0.0
0.0
0.0
0.0
8.96702472113
2.59677648522
0.00171738626793
0.0
0.0
0.0
0.0
4.83272212635
1.97052618065
0.0
0.0
0.0
0.0
0.0
3.45123221814
1.05885767709
0.0
0.0
0.0
0.0
0.0
2.75488637455
1.2163919227
0.0
0.0
0.0
0.0
0.0
3.43209382725
2.22942741621
0.0
0.0
0.0
0.0
0.0
5.25579800357
1.92682721541
0.0
0.0
0.0
0.0
0.0
2.42313025475
0.955754279419
1.09066317059
10.8771174167
10.3039004648
4.18892493469
1.84100398079
0.807006531738
0.905582381776
5.44842366964
7.55885799787
2.18889230531
0.00970053494066
-0.00713016110434
-0.11426608872
-0.223241709361
1.22988706597
-0.160107367052
-1.18670075447
-0.495776729762
-0.359635465037
-0.622318047628
-0.0477445861485
-0.610243929921
-0.985003919325
-0.231603339474
-0.235038366585
-0.46921952394
-0.752842579139
-0.42133250121
-0.308505870547
-0.0929774330101
-0.083491411912
-0.150161989413
-0.37770611995
-0.0978016849641
0.264756491319
0.100500046369
0.238767018516
0.805894565574
0.655478009286
0.148630850816
1.27773817046
0.608753049815
0.657217857731
4.96919573848
3.40099089911
1.90407900058
0.0
0.0
28.1918152158
25.7924587308
8.92790473048
0.0
0.0
1.13608927302
8.05565723625
0.0209575763717
45.2562985929
34.081149832
0
14.2587739159
15.0679146957
14.7406975575
13.5515156288
10.9043678214
11.7815020554
11.4842498136
11.411015024
-0.0523135435734
-0.0967897837081
0.443180409408
1.11316058464
9.09006518586
1.53369075941
1.19022133903
1.0375589648
-0.609661319231
-1.11769053376
0.0452071685901
0.494476931676
2.85215127027
6.78143832872
6.83156540201
-0.209572552602
0.237896732473
-0.364267376119
-1.03997788402
-1.01252752527
-0.0959110278863
3.93281306939
10.0030571746
3.07961439432
0.953819362594
0.345177914211
0.0809706737882
-0.415804782029
0.481100784812
-1.21685127858
3.55547095308
9.76763200088
4.38464103786
1.41629340502
0.261731138754
0.2338120425
-0.155780133449
-0.29568068694
3.36141179832
1.69793921934
1.33641094094
2.17187584956
0.158743580233
0.361791202761
0.8334268916
0.127631072266
4.39488317553
2.39673934252
0.249512062181
0.235503732715
2.552711344
1.04774612307
2.52432795014
2.84145631118
1.43868941785
0.594302872509
0.300499840829
0.181316784904
1.14477246857
5.40137778211
0.502707156056
1.92965448532
2.06740638786
-0.116719881657
24.3376671184
22.8443534351
28.0833809046
19.4734887934
17.8655490073
4.36052637351
1.89140088405
0.0
0.0
0.0
0.0
0.0
6.91234704862
2.54406546386
0.000880060591241
0.0
0.0
0.0
0.0
8.99812727442
3.09774867232
0.00109445855669
0.0
0.0
0.0
0.0
4.38179723184
1.80831477495
0.0
0.0
0.0
0.0
0.0
3.50837615834
1.62977898896
0.0
0.0
0.0
0.0
0.0
2.86701823848
1.41040832898
0.0
0.0
0.0
0.0
0.0
3.06381081752
1.68746218304
0.0
0.0
0.0
0.0
0.0
3.52587150996
1.48017071335
0.0
0.0
0.0
0.0
0.0
0.454314964537
0.327583880719
0.242170343709
0.806395761683
0.585507971188
0.344893884596
0.64493391471
0.32574768274
0.295213004695
0.968987223308
0.868146763109
0.561738611111
0.618117750943
0.419525331106
0.290921105409
0.988310525226
1.11967066311
0.55470104101
0.561667310964
0.18479910037
0.238908669264
0.752468127918
0.814302081191
0.389157835817
0.370984723046
0.142182415135
0.141551425692
0.487749605373
0.443796903232
0.206493349285
0.227080745864
0.162809613279
0.126792457215
0.299446524491
0.305023253304
0.125394789043
0.202172729395
0.13121314459
0.138573176243
0.397193541124
0.323416544463
0.123761205961
0.362008172824
0.163531710789
0.213774746818
0.565640962538
0.415766321231
0.181242518412
0.0
0.0
14.0363528269
12.5899470712
3.48250615856
0.0
0.0
1.48154320625
1.15331697336
-0.207166922415
16.7882048277
25.063814024
