w
13.8386356897
14.4761689075
14.2740264931
12.3836948273
10.8100540717
10.732532662
10.8974935397
11.2820880786
-0.146576919537
0.0194556469762
0.131618376719
0.502620463641
7.820196396
2.55890728545
2.52474945598
0.427664984576
-0.448517403691
-0.350305326197
0.469117823849
-0.0821219390487
2.93034982591
5.99389776656
6.80497989806
-0.841231738021
0.482471846831
0.257461845098
-0.254493063733
-1.08909117877
-0.663539659668
3.01919155784
9.40994171456
3.11208343089
0.315673957082
0.229908390016
-0.234811106813
-0.584835136357
0.496580137791
-0.09716790247
3.94464220251
8.3137042855
3.42091005147
0.967339057246
0.229722809098
0.309642775051
-0.433639284458
-0.152651989206
3.88082959902
2.58790105346
1.52102622555
2.2208121687
0.284343463001
0.168315827061
0.905580394159
-0.850872647793
4.64659532181
1.83673190948
0.172791007062
0.453599641642
2.73385662613
1.11547661229
2.13842978812
2.64800955903
1.17098359423
0.464346711193
-0.25895993335
0.0706688914612
0.44215072085
4.44955426964
3.27554635383
1.80262631736
2.07069169026
-0.570190231547
24.8151120545
23.4774566954
28.322280668
20.0006013559
18.0856152254
3.85815831195
1.33820359467
0.0
0.0
0.0
0.0
0.0
6.46361734841
1.79696361149
0.00386411757075
0.0
0.0
0.0
0.0
8.93723095445
2.19529581062
0.000340840636822
0.0
0.0
0.0
0.0
3.77823159541
1.14253131112
0.0
0.0
0.0
0.0
0.0
3.51073853221
1.74979676758
0.0
0.0
0.0
0.0
0.0
3.01034589901
1.69118406651
0.0
0.0
0.0
0.0
0.0
2.88464981288
1.50319583238
0.0
0.0
0.0
0.0
0.0
3.86499493798
1.39244992923
0.0
0.0
0.0
0.0
0.0
0.549914253815
0.289450105368
0.33848910789
0.966162990357
0.950340573373
0.409078017447
0.968542251771
0.4875116966
0.513785505316
4.14898958103
3.75382325283
1.49171986353
0.995425266768
0.680217827201
0.376798495359
3.39580101104
3.87309366303
1.54724082804
0.578232406087
0.246347808387
0.274506738941
1.09704454334
1.006201769
0.531198841221
0.062119532337
0.0570733772127
0.10286156619
0.139930285407
0.105182290193
0.0642694425977
-0.0981443530863
0.0040155637067
0.0478888853604
0.0480941149277
-0.0369752364006
-0.00353473020357
-0.121743153353
0.00635386574205
0.0216548002108
0.352990255564
-0.0105711670388
-0.0242224237901
0.073725121547
0.0377919381409
0.0883523964098
0.413343605353
0.12844956813
0.0698227822899
0.0
0.0
14.3977689975
12.3609742612
3.75059581532
0.0
0.0
1.07649566732
0.873598386396
-0.227757154866
12.8318786669
27.5496981947
a
12.334314077
13.544141275
14.1347235051
11.68765892
9.26920122481
11.6148441084
11.2540913046
9.23799890107
-0.0030792792628
-0.220284559024
0.434352212915
2.12302286288
10.0921079036
1.04328018454
-0.787430621277
-0.347654627447
-0.15772632275
-0.569671697951
0.421743756528
1.19553550095
4.40009610007
5.54041096698
3.36570629354
-0.651953322349
0.948613120622
0.0900678594307
-0.831944596257
-0.325755317865
-0.0556392737763
4.31461812012
6.72081777615
3.27394581668
1.93932994818
0.735252779487
0.672146554552
-0.22406068938
0.634095485884
-4.03028376213
1.93115999022
10.0300186131
5.89316336029
0.806802864003
0.440574047382
0.204927942955
0.290513666598
-1.13720406988
0.566317929226
2.20410548425
3.46484144738
2.07679209409
-0.0271717393096
-0.047595850432
0.69745872125
-0.818377712189
2.11410781547
4.15478933215
0.895136159422
0.639168599638
2.3096307381
0.617653039834
2.53490296778
1.66065051576
0.575637273039
2.02131201102
-0.116897521089
0.170323881179
1.12591035305
5.75991455378
1.97531380691
0.232170941447
0.549315436267
-0.458052550482
38.6912267862
28.5600165897
55.8359981813
13.8889938748
40.3343400744
5.02465295662
1.83413251524
0.0
0.0
0.0
0.0
0.0
7.78858455683
2.12529436026
9.00955064934e-05
0.0
0.0
0.0
0.0
11.3854283658
3.0570202207
0.00430425139619
0.0
0.0
0.0
0.0
4.17872390975
1.36392821687
0.0
0.0
0.0
0.0
0.0
5.12416971443
1.81621616035
0.0
0.0
0.0
0.0
0.0
4.60248385327
1.87510786249
0.0
0.0
0.0
0.0
0.0
3.61429144326
1.10233711062
0.0
0.0
0.0
0.0
0.0
3.91099549066
1.37599391169
0.0
0.0
0.0
0.0
0.0
-1.06283045686
-0.647369290805
-0.493022042568
-0.898939998575
-0.0455177246472
-0.645639030807
0.214185982798
-0.191807680911
0.116232229481
-0.202583421945
0.731458330048
-0.154149087757
1.87714886501
0.945812631048
0.841179678404
5.7627986978
7.5443107986
2.29149490995
2.36641595918
0.913538981827
0.894138908344
13.0282939794
13.4613040274
4.39363350217
1.43287026265
0.491473808766
0.514904105841
4.41731333895
4.51415887544
1.89509383122
0.294320515437
0.185155159219
0.189643029756
1.05682110442
0.497991480563
0.144805913377
-0.410473310044
-0.195061145828
-0.185510502748
0.778234868915
-0.447789194528
-0.149550477612
-1.02221057478
-0.44468602427
-0.505217014011
-0.235453301924
-0.707154928243
-0.539194055245
0.0
0.0
29.2397689057
25.8721934485
8.12257856652
0.0
0.0
7.05325045666
0.887913901547
0.0249567403404
47.3659079978
34.4278307778
s
14.0256775686
14.1918421101
14.1015826672
13.4728541425
11.190129802
11.6630614276
11.3190414422
11.608064682
-0.147440665615
0.0697784199351
0.409313586762
0.995303233957
8.98993236445
1.95680643952
1.38135204805
0.370632141618
-0.88224133168
-0.971322777556
-0.340736968566
-0.316237392565
2.40941602954
7.00760881317
7.44036644364
-0.155010705871
0.156207867102
-0.336699434271
-1.07871810069
-1.1999505929
-0.391079279935
3.98794486759
9.9028071953
3.06107014487
1.37450897663
0.861626868074
0.492532462391
-0.681736891155
0.194418605332
-2.34855401022
3.85995662102
9.72010151038
4.48093813886
2.23016766611
0.819486903888
0.168299881371
-0.293474650793
-0.784197723871
2.01882211172
2.55008747481
0.572542279371
2.70686839957
1.3325703133
0.43163733887
1.05390964817
0.422027901825
3.8986485279
1.24485701856
0.561159381548
0.761553424887
2.91067468573
0.659057683906
1.63028407501
2.31690282228
1.89026859526
0.589140773543
0.291950335708
0.643238412793
1.74289408247
5.01683454948
1.48088081205
0.654523040141
1.5182971847
0.259446264684
24.2290049832
23.2413266687
29.0436917472
19.0711238253
17.928258889
5.38780025027
2.81963400278
0.0
0.0
0.0
0.0
0.0
7.39192712758
3.26970485245
0.0063417905754
0.0
0.0
0.0
0.0
9.43128015915
4.20952876444
0.00179201555748
0.0
0.0
0.0
0.0
5.8339965528
2.86417472954
0.0
0.0
0.0
0.0
0.0
4.27181764189
2.01506833195
0.0
0.0
0.0
0.0
0.0
3.47808863487
1.76981152198
0.0
0.0
0.0
0.0
0.0
3.32265342018
1.65065825945
0.0
0.0
0.0
0.0
0.0
3.9729447484
1.81859851985
0.0
0.0
0.0
0.0
0.0
0.395370259625
0.268592994736
0.235688582675
0.518611419509
0.51154966917
0.324757741539
0.527139215712
0.189984473404
0.18826432655
0.520801221434
0.481924611474
0.229097708707
0.370022923752
0.287547951016
0.105223407192
0.491867290549
0.742820601578
0.306695983628
0.438174912338
0.146817497336
0.192356229685
0.539394856208
0.635679952009
0.356720624881
0.51446252431
0.219536296716
0.182808683657
0.806645956937
0.680741322135
0.308598208543
0.575072287977
0.172670405423
0.182429931376
0.957280193146
1.00599248172
0.569309806317
0.519442086484
0.177514922025
0.260337683888
1.06883921072
0.953107205697
0.493708417109
0.468321074312
0.224557675969
0.254963885795
0.916248302424
0.673730489789
0.320530129513
0.0
0.0
14.691108335
14.1222820372
3.99764456162
0.0
0.0
1.99097627658
1.4542840113
1.29292851584
14.7951093769
26.4060806651
d
11.9388830236
14.1514785423
13.3884472077
11.7740396857
9.54967556821
11.5668976054
11.6889369253
10.1985593925
0.0917916877485
0.25320040512
0.721361829187
1.91344202574
8.36291154431
0.569278250273
-1.27244959132
1.29934687247
-0.35657157039
-0.853032525984
0.213118900639
0.875497149626
2.62763260278
4.20242335296
7.76561886921
-0.323208236581
0.618818467468
0.219711127246
-0.535259382823
-0.299425352267
-0.276105075675
0.445310051953
8.76493409018
4.45046328161
1.62918650836
0.651521310446
0.0189711135368
-0.854180727489
-0.028072717878
-2.39034652784
2.52726283113
10.2196978954
5.63252143916
1.31602217663
0.298572793164
0.461459332018
-0.0940360065836
-2.13323032321
1.36402471333
2.70434144369
1.1554709935
2.21528329001
1.00407224404
1.05890256854
2.44017002881
-1.69038071958
3.10166142633
2.28171777379
0.0239511183171
0.0864065491816
2.8991717211
2.54375957041
4.72121315319
1.14221475271
-0.243191196917
0.515411257295
0.151467566602
0.389796401313
1.13891977451
5.87201257289
1.45378739299
-0.420975266305
1.64467872857
-0.0311277781931
46.7601863663
41.5235922897
26.4089400763
42.6756262128
11.3421455311
4.73805476759
1.38778252767
0.0
0.0
0.0
0.0
0.0
7.76517857166
2.85353964643
-0.00247893626652
0.0
0.0
0.0
0.0
9.13261973387
2.62497676237
0.00151016676724
0.0
0.0
0.0
0.0
4.93212455839
1.99772821567
0.0
0.0
0.0
0.0
0.0
3.50365822807
1.07432051494
0.0
0.0
0.0
0.0
0.0
2.80979556576
1.22987422011
0.0
0.0
0.0
0.0
0.0
3.47435418808
2.24966804475
0.0
0.0
0.0
0.0
0.0
5.35204362188
1.94931023688
0.0
0.0
0.0
0.0
0.0
2.47465742638
0.96819924539
1.10347334912
10.9706333117
10.4250339699
4.23880893259
1.86668797984
0.818985985922
0.927957070196
5.52507943349
7.6662580201
2.22457889109
-0.000267804738635
-0.00505995418557
-0.104537124614
-0.220623802255
1.23158356732
-0.165857651607
-1.20987435722
-0.497865786399
-0.379867776087
-0.629150798207
-0.0457015092509
-0.621131693028
-1.00610348499
-0.234702057589
-0.245010067021
-0.468357585006
-0.753782584988
-0.429099987672
-0.315764665419
-0.0942774441023
-0.0858613148469
-0.151870704924
-0.379425985506
-0.100818075082
0.26901824554
0.100771970912
0.242516176556
0.817277239358
0.660498080734
0.150961958841
1.30737411373
0.618824275978
0.677316102429
5.01650723638
3.45253095623
1.9323969948
0.0
0.0
28.6535782781
26.2356390305
9.07265580864
0.0
0.0
1.15033960508
8.14988088854
0.0212418876822
45.9843204393
34.5060118018
0
13.9341058579
14.6837016383
14.2824075525
13.283369886
10.610360549
11.5487182165
11.4265519315
11.2243514193
-0.0657726303236
-0.103110813629
0.434046273665
1.01095239497
8.86600576356
1.54641329302
1.2303723323
1.01519924424
-0.632731350694
-1.13610511177
0.0251088273898
0.461737679092
2.71153525582
6.56839484776
6.9059929618
-0.220231471145
0.235239311502
-0.372874454617
-1.05009294193
-1.02975327038
-0.14088108535
3.77185691014
9.80901586271
3.05989722033
0.950332763456
0.354350395227
0.072186681734
-0.441397243382
0.435731504001
-1.31386658553
3.48069970993
9.7453326606
4.29676768603
1.40680882918
0.266867069887
0.211370449772
-0.199836648576
-0.354684349765
3.27932289003
1.7037446225
1.34940975252
2.1516869389
0.164796247204
0.353532426614
0.780336802267
0.00917799029263
4.36120336048
2.37857469816
0.255419477856
0.237981652528
2.55924002402
1.04781408029
2.5461186155
2.786193655
1.4318682666
0.561916159757
0.309150710729
0.182359275243
1.14445613485
5.33399791271
0.532730756849
1.8656227331
1.9812250506
-0.125191154788
24.6705529479
23.12750545
28.4637319648
19.6914345989
18.0833046965
4.43052156441
1.89338551211
0.0
0.0
0.0
0.0
0.0
7.00941689888
2.56201939975
0.000880060591241
0.0
0.0
0.0
0.0
9.13570729963
3.13310549221
0.00109445855669
0.0
0.0
0.0
0.0
4.44525971422
1.81827018516
0.0
0.0
0.0
0.0
0.0
3.55720560277
1.63699964703
0.0
0.0
0.0
0.0
0.0
2.91112559622
1.41543457831
0.0
0.0
0.0
0.0
0.0
3.1015676344
1.68349272948
0.0
0.0
0.0
0.0
0.0
3.57838378447
1.47814640004
0.0
0.0
0.0
0.0
0.0
0.462142870937
0.330073130808
0.246170987091
0.816799153843
0.598563004801
0.347043880412
0.653974556214
0.329852917162
0.297345851379
0.978494002317
0.879412900317
0.567856319089
0.626502281795
0.42165638667
0.296438018593
1.000213136
1.13707089321
0.560729414187
0.568045545407
0.187846678503
0.243509227224
0.766575322924
0.823846521279
0.393942014453
0.376817301337
0.143630139742
0.144240201568
0.493493101291
0.449076765395
0.210592747574
0.230147543397
0.163974888181
0.129260965941
0.302938043628
0.308777823795
0.128540174691
0.203938104129
0.132753232434
0.138908511362
0.401799740328
0.326799635635
0.125779367217
0.367391267144
0.166677463791
0.216964448643
0.570660469257
0.419524204341
0.183412095905
0.0
0.0
14.2296409549
12.8050022284
3.52057772842
0.0
0.0
1.49452730369
1.16057695029
-0.208011772373
17.0462042792
25.4284979616
